day draw numbers
2024-07-17 lotto 01,05,14,15,22,47,07
2024-07-13 lotto 14,33,34,36,44,45,28
2024-07-10 lotto 09,17,25,40,49,52,38
2024-07-06 lotto 03,10,28,29,44,49,50
2024-07-03 lotto 08,24,43,45,46,50,16
2024-08-21 lotto 04,11,22,29,36,44,14
2024-08-17 lotto 04,07,12,31,38,49,15
2024-08-14 lotto 07,13,17,23,40,47,04
2024-08-10 lotto 07,11,24,26,32,41,15
2024-08-07 lotto 01,10,13,32,37,48,45
2024-08-03 lotto 12,22,26,31,45,48,06
2024-07-31 lotto 11,12,14,20,34,48,33
2024-07-27 lotto 20,21,26,34,37,48,10
2024-07-24 lotto 13,17,30,31,32,43,41
2024-07-20 lotto 19,22,27,37,42,46,47
2024-09-25 lotto 06,26,39,41,49,52,17
2024-09-21 lotto 21,29,32,33,36,50,52
2024-09-18 lotto 07,21,23,38,43,45,25
2024-09-14 lotto 04,06,08,28,46,52,27
2024-09-11 lotto 08,13,16,22,26,43,09
2024-09-07 lotto 02,07,18,29,40,49,38
2024-09-04 lotto 10,17,33,38,39,50,05
2024-08-31 lotto 01,10,14,19,25,46,29
2024-08-28 lotto 02,12,23,24,30,31,36
2024-08-24 lotto 02,05,13,22,23,51,01
2024-10-30 lotto 04,09,25,39,41,44,03
2024-10-26 lotto 04,12,22,29,38,41,10
2024-10-23 lotto 11,18,19,20,27,30,44
2024-10-19 lotto 19,24,39,44,48,50,30
2024-10-16 lotto 16,18,20,31,43,44,39
2024-10-12 lotto 05,08,10,46,49,51,27
2024-10-09 lotto 05,18,19,29,44,48,17
2024-10-05 lotto 14,21,27,40,43,47,45
2024-10-02 lotto 05,06,14,26,37,50,13
2024-09-28 lotto 25,28,29,32,40,42,26
2024-12-04 lotto 04,14,19,20,21,48,47
2024-11-30 lotto 07,24,34,37,40,52,20
2024-11-27 lotto 05,08,13,15,39,43,01
2024-11-23 lotto 03,09,10,16,22,25,43
2024-11-20 lotto 02,03,22,33,36,41,18
2024-11-16 lotto 04,08,13,15,28,36,52
2024-11-13 lotto 03,25,33,35,42,45,09
2024-11-09 lotto 06,07,20,29,46,49,31
2024-11-06 lotto 13,18,32,42,43,50,16
2024-11-02 lotto 01,07,10,15,42,51,49
2025-01-11 lotto 01,10,20,22,37,42,23
2025-01-08 lotto 16,22,24,34,38,49,35
2025-01-04 lotto 03,22,23,25,33,52,19
2025-01-01 lotto 03,07,18,23,24,52,26
2024-12-28 lotto 07,18,25,28,29,44,08
2024-12-21 lotto 06,09,23,30,33,41,08
2024-12-18 lotto 05,07,28,30,38,45,37
2024-12-14 lotto 06,08,11,39,42,47,41
2024-12-11 lotto 06,11,19,24,50,52,51
2024-12-07 lotto 10,20,30,47,49,50,21
2025-02-15 lotto 05,09,25,39,41,50,24
2025-02-12 lotto 03,09,23,41,42,48,39
2025-02-08 lotto 01,04,14,17,20,34,50
2025-02-05 lotto 05,07,18,28,30,42,01
2025-02-01 lotto 14,15,26,41,42,52,36
2025-01-29 lotto 06,11,13,24,32,44,14
2025-01-25 lotto 23,26,28,29,39,51,45
2025-01-22 lotto 06,09,23,45,46,48,12
2025-01-18 lotto 13,20,25,33,38,40,44
2025-01-15 lotto 04,09,10,35,37,41,39
2025-03-22 lotto 03,12,16,18,31,51,02
2025-03-19 lotto 02,03,17,27,29,37,12
2025-03-15 lotto 06,23,24,34,47,49,18
2025-03-12 lotto 07,12,24,32,39,48,09
2025-03-08 lotto 07,19,23,27,31,52,10
2025-03-05 lotto 02,08,37,45,48,51,24
2025-03-01 lotto 08,12,20,22,49,50,10
2025-02-26 lotto 27,36,38,44,45,47,41
2025-02-22 lotto 04,07,12,13,24,51,49
2025-02-19 lotto 11,13,32,43,50,51,16
2025-04-26 lotto 18,20,28,30,31,36,49
2025-04-23 lotto 01,05,22,31,34,44,33
2025-04-19 lotto 06,09,11,33,38,52,32
2025-04-16 lotto 09,16,20,23,26,51,29
2025-04-12 lotto 03,09,16,17,31,48,36
2025-04-09 lotto 03,05,27,45,49,50,20
2025-04-05 lotto 07,11,34,37,39,42,44
2025-04-02 lotto 06,07,22,29,44,50,04
2025-03-29 lotto 11,18,28,36,46,48,22
2025-03-26 lotto 12,18,21,25,27,38,31
2025-05-31 lotto 08,19,26,31,46,49,04
2025-05-28 lotto 01,02,03,18,29,32,14
2025-05-24 lotto 03,07,29,33,37,46,43
2025-05-21 lotto 06,17,25,29,38,46,20
2025-05-17 lotto 12,28,29,38,46,49,25
2025-05-14 lotto 09,18,19,30,31,40,28
2025-05-10 lotto 03,13,18,24,30,31,25
2025-05-07 lotto 09,10,27,30,31,45,23
2025-05-03 lotto 04,05,07,10,11,41,02
2025-04-30 lotto 08,19,20,31,45,52,03
2025-07-05 lotto 08,14,29,30,49,52,23
2025-07-02 lotto 08,11,26,35,44,45,41
2025-06-28 lotto 01,13,18,20,47,50,27
2025-06-25 lotto 16,17,18,41,45,46,05
2025-06-21 lotto 01,28,32,39,41,48,04
2025-06-18 lotto 10,13,27,30,38,39,16
2025-06-14 lotto 05,08,17,18,29,35,50
2025-06-11 lotto 16,32,35,38,43,46,50
2025-06-07 lotto 01,16,36,40,42,50,06
2025-06-04 lotto 08,24,32,34,36,52,26
2025-07-05 lotto-plus-1 02,07,19,31,36,50,45
2025-07-02 lotto-plus-1 08,11,19,26,38,52,15
2025-06-28 lotto-plus-1 16,25,30,41,45,47,07
2025-06-25 lotto-plus-1 19,24,26,45,46,52,29
2025-06-21 lotto-plus-1 10,14,31,48,50,52,34
2025-06-18 lotto-plus-1 01,13,27,28,41,51,08
2025-06-14 lotto-plus-1 19,20,27,42,43,51,36
2025-06-11 lotto-plus-1 04,10,15,24,28,31,07
2025-06-07 lotto-plus-1 08,12,18,20,30,51,15
2025-06-04 lotto-plus-1 07,17,31,39,40,43,13
2025-05-31 lotto-plus-1 15,17,25,28,49,51,50
2025-05-28 lotto-plus-1 09,18,23,27,42,49,15
2025-05-24 lotto-plus-1 02,08,11,17,19,39,09
2025-05-21 lotto-plus-1 17,35,41,43,50,52,08
2025-05-17 lotto-plus-1 07,08,12,26,27,49,34
2025-05-14 lotto-plus-1 21,25,31,41,42,50,48
2025-05-10 lotto-plus-1 01,17,18,20,36,42,37
2025-05-07 lotto-plus-1 20,30,31,35,37,39,21
2025-05-03 lotto-plus-1 12,16,17,19,29,38,42
2025-04-30 lotto-plus-1 09,17,19,40,47,51,08
2025-04-26 lotto-plus-1 04,06,21,22,36,43,09
2025-04-23 lotto-plus-1 03,12,21,30,39,45,31
2025-04-19 lotto-plus-1 10,16,20,24,28,37,12
2025-04-16 lotto-plus-1 03,06,13,28,47,48,15
2025-04-12 lotto-plus-1 09,15,20,25,29,44,16
2025-04-09 lotto-plus-1 01,18,30,40,50,51,49
2025-04-05 lotto-plus-1 04,09,18,20,38,39,47
2025-04-02 lotto-plus-1 05,16,27,32,36,44,51
2025-03-29 lotto-plus-1 01,16,18,26,29,36,24
2025-03-26 lotto-plus-1 01,16,19,24,31,44,51
2025-03-22 lotto-plus-1 16,25,32,39,45,52,40
2025-03-19 lotto-plus-1 04,07,18,21,39,42,27
2025-03-15 lotto-plus-1 03,26,33,38,39,41,28
2025-03-12 lotto-plus-1 10,15,17,27,29,47,31
2025-03-08 lotto-plus-1 06,09,18,22,25,27,14
2025-03-05 lotto-plus-1 33,36,38,40,46,49,39
2025-03-01 lotto-plus-1 02,03,10,20,27,44,08
2025-02-26 lotto-plus-1 06,17,23,28,36,49,51
2025-02-22 lotto-plus-1 13,16,36,49,51,52,42
2025-02-19 lotto-plus-1 08,21,22,39,47,52,19
2025-02-15 lotto-plus-1 03,14,20,30,35,42,06
2025-02-12 lotto-plus-1 07,08,16,40,42,49,03
2025-02-08 lotto-plus-1 01,15,28,30,33,50,21
2025-02-05 lotto-plus-1 08,14,21,32,37,49,27
2025-02-01 lotto-plus-1 04,08,14,17,24,29,26
2025-01-29 lotto-plus-1 04,06,13,21,37,44,27
2025-01-25 lotto-plus-1 01,21,27,28,43,49,25
2025-01-22 lotto-plus-1 05,13,25,34,44,50,33
2025-01-18 lotto-plus-1 02,07,09,23,46,48,05
2025-01-15 lotto-plus-1 01,12,21,24,25,35,31
2025-01-11 lotto-plus-1 01,06,26,34,38,48,36
2025-01-08 lotto-plus-1 04,08,09,10,30,38,51
2025-01-04 lotto-plus-1 02,07,20,26,29,38,39
2025-01-01 lotto-plus-1 23,32,38,39,46,50,07
2024-12-28 lotto-plus-1 07,21,32,36,38,51,45
2024-12-21 lotto-plus-1 03,07,12,24,31,49,34
2024-12-18 lotto-plus-1 02,05,26,39,42,43,47
2024-12-14 lotto-plus-1 24,29,32,34,37,50,13
2024-12-11 lotto-plus-1 05,18,20,25,29,40,12
2024-12-07 lotto-plus-1 03,05,15,16,40,50,11
2024-12-04 lotto-plus-1 05,11,22,41,43,52,07
2024-11-30 lotto-plus-1 04,08,13,27,48,52,34
2024-11-27 lotto-plus-1 12,21,31,35,36,43,27
2024-11-23 lotto-plus-1 10,11,21,25,34,36,09
2024-11-20 lotto-plus-1 35,37,39,40,43,51,05
2024-11-16 lotto-plus-1 04,05,30,35,37,42,32
2024-11-13 lotto-plus-1 03,12,16,37,40,52,02
2024-11-09 lotto-plus-1 10,17,29,37,46,49,50
2024-11-06 lotto-plus-1 03,08,18,29,50,51,43
2024-11-02 lotto-plus-1 10,12,14,19,30,32,26
2024-10-30 lotto-plus-1 03,09,24,35,42,46,14
2024-10-26 lotto-plus-1 01,10,13,36,42,52,21
2024-10-23 lotto-plus-1 04,05,23,28,32,41,22
2024-10-19 lotto-plus-1 14,26,34,42,44,46,17
2024-10-16 lotto-plus-1 04,06,10,35,39,42,05
2024-10-12 lotto-plus-1 02,06,08,31,38,49,15
2024-10-09 lotto-plus-1 09,17,23,24,36,50,31
2024-10-05 lotto-plus-1 03,04,05,41,44,46,08
2024-10-02 lotto-plus-1 13,18,19,21,26,34,33
2024-09-28 lotto-plus-1 01,04,35,38,46,51,47
2024-09-25 lotto-plus-1 03,28,35,38,49,50,42
2024-09-21 lotto-plus-1 11,14,33,40,43,44,02
2024-09-18 lotto-plus-1 04,10,21,32,35,42,02
2024-09-14 lotto-plus-1 03,06,11,15,47,49,48
2024-09-11 lotto-plus-1 16,21,41,44,49,51,46
2024-09-07 lotto-plus-1 03,19,24,35,38,41,12
2024-09-04 lotto-plus-1 20,27,28,37,39,43,26
2024-08-31 lotto-plus-1 13,30,34,42,49,51,31
2024-08-28 lotto-plus-1 11,14,20,42,45,47,35
2024-08-24 lotto-plus-1 04,29,31,36,43,48,33
2024-08-21 lotto-plus-1 01,11,16,27,33,46,09
2024-08-17 lotto-plus-1 02,16,24,26,33,39,04
2024-08-14 lotto-plus-1 01,14,15,38,42,49,25
2024-08-10 lotto-plus-1 09,15,18,19,43,51,35
2024-08-07 lotto-plus-1 02,10,17,18,43,47,11
2024-08-03 lotto-plus-1 16,27,28,34,39,43,30
2024-07-31 lotto-plus-1 04,07,18,24,37,48,29
2024-07-27 lotto-plus-1 03,09,29,40,41,43,28
2024-07-24 lotto-plus-1 05,10,15,18,20,28,09
2024-07-20 lotto-plus-1 08,09,11,26,37,51,44
2024-07-17 lotto-plus-1 01,02,11,17,47,48,07
2024-07-13 lotto-plus-1 15,21,32,41,43,52,42
2024-07-10 lotto-plus-1 02,06,21,30,38,44,25
2024-07-06 lotto-plus-1 02,03,21,23,26,40,50
2024-07-03 lotto-plus-1 09,19,22,28,41,48,23
2025-07-05 lotto-plus-2 12,25,39,48,51,52,08
2025-07-02 lotto-plus-2 09,12,15,23,48,52,26
2025-06-28 lotto-plus-2 09,12,15,16,29,33,03
2025-06-25 lotto-plus-2 17,18,28,44,48,51,04
2025-06-21 lotto-plus-2 06,16,29,40,42,47,37
2025-06-18 lotto-plus-2 11,13,31,36,41,43,18
2025-06-14 lotto-plus-2 03,06,07,11,25,37,15
2025-06-11 lotto-plus-2 04,16,27,34,40,41,14
2025-06-07 lotto-plus-2 14,19,22,35,50,51,40
2025-06-04 lotto-plus-2 01,06,22,23,26,28,31
2025-05-31 lotto-plus-2 25,29,30,41,44,50,31
2025-05-28 lotto-plus-2 07,15,22,41,42,47,03
2025-05-24 lotto-plus-2 12,27,35,39,47,49,42
2025-05-21 lotto-plus-2 01,12,13,18,19,49,41
2025-05-17 lotto-plus-2 09,19,20,27,32,34,52
2025-05-14 lotto-plus-2 17,24,27,28,37,44,46
2025-05-10 lotto-plus-2 08,10,16,23,50,51,20
2025-05-07 lotto-plus-2 02,21,34,38,49,51,24
2025-05-03 lotto-plus-2 06,09,27,32,33,39,46
2025-04-30 lotto-plus-2 04,06,17,18,21,40,01
2025-04-26 lotto-plus-2 07,17,22,34,42,47,16
2025-04-23 lotto-plus-2 03,05,28,32,43,51,12
2025-04-19 lotto-plus-2 03,08,17,25,33,50,41
2025-04-16 lotto-plus-2 01,06,07,20,25,50,22
2025-04-12 lotto-plus-2 06,09,15,25,26,38,20
2025-04-09 lotto-plus-2 12,15,20,28,37,43,35
2025-04-05 lotto-plus-2 01,03,25,34,47,50,18
2025-04-02 lotto-plus-2 09,16,18,33,49,52,06
2025-03-29 lotto-plus-2 08,23,28,37,38,52,14
2025-03-26 lotto-plus-2 02,10,19,24,38,41,07
2025-03-22 lotto-plus-2 07,33,34,38,40,47,17
2025-03-19 lotto-plus-2 01,03,05,13,18,22,10
2025-03-15 lotto-plus-2 08,19,23,38,40,42,52
2025-03-12 lotto-plus-2 01,04,10,13,28,33,25
2025-03-08 lotto-plus-2 08,14,16,42,43,52,35
2025-03-05 lotto-plus-2 01,10,23,29,34,47,16
2025-03-01 lotto-plus-2 04,08,27,31,35,43,06
2025-02-26 lotto-plus-2 25,26,31,33,34,45,17
2025-02-22 lotto-plus-2 03,23,27,44,45,47,19
2025-02-19 lotto-plus-2 01,08,14,21,26,29,48
2025-02-15 lotto-plus-2 09,25,33,37,40,51,28
2025-02-12 lotto-plus-2 09,10,16,26,31,38,07
2025-02-08 lotto-plus-2 18,21,35,39,41,51,30
2025-02-05 lotto-plus-2 14,22,24,32,42,50,11
2025-02-01 lotto-plus-2 02,08,29,32,37,46,50
2025-01-29 lotto-plus-2 05,06,15,21,38,45,20
2025-01-25 lotto-plus-2 07,24,29,35,44,51,17
2025-01-22 lotto-plus-2 20,22,25,37,39,52,15
2025-01-18 lotto-plus-2 01,03,06,14,17,41,34
2025-01-15 lotto-plus-2 01,05,14,16,33,40,08
2025-01-11 lotto-plus-2 09,16,19,26,40,48,04
2025-01-08 lotto-plus-2 26,27,33,36,39,44,45
2025-01-04 lotto-plus-2 11,15,26,31,37,39,06
2025-01-01 lotto-plus-2 11,19,28,33,34,47,35
2024-12-28 lotto-plus-2 10,16,29,41,46,51,37
2024-12-21 lotto-plus-2 15,29,35,43,48,49,52
2024-12-18 lotto-plus-2 03,05,08,09,12,22,30
2024-12-14 lotto-plus-2 04,07,10,17,21,51,41
2024-12-11 lotto-plus-2 02,16,23,24,34,51,13
2024-12-07 lotto-plus-2 03,09,10,18,30,51,01
2024-12-04 lotto-plus-2 11,16,31,47,50,52,33
2024-11-30 lotto-plus-2 15,17,20,21,31,42,29
2024-11-27 lotto-plus-2 14,17,21,22,26,38,29
2024-11-23 lotto-plus-2 01,16,26,39,41,47,15
2024-11-20 lotto-plus-2 05,15,36,38,39,42,18
2024-11-16 lotto-plus-2 02,07,20,23,24,33,41
2024-11-13 lotto-plus-2 11,24,27,36,41,42,09
2024-11-09 lotto-plus-2 16,23,26,37,43,52,28
2024-11-06 lotto-plus-2 10,14,19,29,41,42,27
2024-11-02 lotto-plus-2 03,15,21,24,46,49,51
