day draw numbers
2025-07-04 powerball 15,16,22,30,32,07
2025-07-01 powerball 08,09,26,30,31,08
2025-06-27 powerball 11,23,32,41,47,17
2025-06-24 powerball 02,22,27,36,39,19
2025-06-20 powerball 22,23,25,29,42,08
2025-06-17 powerball 05,23,26,38,43,04
2025-06-13 powerball 01,21,34,46,47,12
2025-06-10 powerball 05,11,23,29,48,01
2025-06-06 powerball 09,24,34,41,44,02
2025-06-03 powerball 05,26,40,47,50,14
2025-05-30 powerball 10,13,34,43,46,01
2025-05-27 powerball 13,22,33,38,50,15
2025-05-23 powerball 01,17,18,27,49,15
2025-05-20 powerball 13,26,31,32,47,18
2025-05-16 powerball 09,16,20,28,39,19
2025-05-13 powerball 11,21,29,37,39,12
2025-05-09 powerball 05,06,14,38,50,10
2025-05-06 powerball 19,20,32,35,37,19
2025-05-02 powerball 02,06,17,37,47,09
2025-04-29 powerball 05,14,32,33,45,13
2025-04-25 powerball 05,09,13,46,47,11
2025-04-22 powerball 18,32,33,38,43,09
2025-04-18 powerball 15,17,22,33,45,12
2025-04-15 powerball 19,24,38,40,41,02
2025-04-11 powerball 05,12,14,22,48,18
2025-04-08 powerball 01,16,23,37,42,06
2025-04-04 powerball 08,20,35,36,38,02
2025-04-01 powerball 01,06,12,13,36,07
2025-03-28 powerball 01,06,13,14,35,03
2025-03-25 powerball 22,32,38,39,40,10
2025-03-21 powerball 09,16,24,32,50,19
2025-03-18 powerball 15,22,29,35,43,10
2025-03-14 powerball 07,32,38,45,46,02
2025-03-11 powerball 08,28,30,44,48,02
2025-03-07 powerball 12,13,16,28,46,03
2025-03-04 powerball 20,23,35,43,50,15
2025-02-28 powerball 11,19,20,21,44,06
2025-02-25 powerball 18,23,27,34,44,18
2025-02-21 powerball 02,03,15,17,42,05
2025-02-18 powerball 16,19,34,36,43,16
2025-02-14 powerball 02,08,25,37,44,18
2025-02-11 powerball 07,15,21,23,33,13
2025-02-07 powerball 07,30,34,42,49,01
2025-02-04 powerball 19,23,27,41,49,08
2025-01-31 powerball 03,27,36,40,47,15
2025-01-28 powerball 17,21,26,42,43,14
2025-01-24 powerball 12,15,24,43,49,18
2025-01-21 powerball 01,02,15,23,37,04
2025-01-17 powerball 04,11,27,39,40,08
2025-01-14 powerball 20,23,30,34,44,07
2025-01-10 powerball 10,14,33,44,47,02
2025-01-07 powerball 09,12,27,39,42,18
2025-01-03 powerball 06,09,10,25,47,01
2024-12-31 powerball 01,26,31,32,47,02
2024-12-27 powerball 06,10,23,30,47,18
2024-12-24 powerball 05,07,08,12,18,09
2024-12-20 powerball 01,16,20,41,48,08
2024-12-17 powerball 12,21,28,32,40,12
2024-12-13 powerball 03,28,39,40,49,14
2024-12-10 powerball 01,06,29,39,44,17
2024-11-01 powerball 03,12,17,29,38,18
2024-10-29 powerball 01,19,30,37,40,16
2024-10-25 powerball 10,38,39,42,49,17
2024-10-22 powerball 02,23,27,45,49,12
2024-10-18 powerball 04,12,28,33,48,14
2024-10-15 powerball 14,32,35,39,44,17
2024-10-11 powerball 03,08,13,46,48,11
2024-10-08 powerball 03,13,31,37,40,09
2024-10-04 powerball 02,08,24,42,48,17
2024-10-01 powerball 03,10,14,25,39,01
2024-09-27 powerball 12,22,29,43,47,10
2024-09-24 powerball 19,23,30,31,38,19
2024-09-20 powerball 06,12,16,18,47,19
2024-09-17 powerball 23,26,43,44,49,16
2024-09-13 powerball 02,10,25,37,43,07
2024-09-10 powerball 16,17,18,47,48,06
2024-09-06 powerball 10,17,23,44,46,04
2024-09-03 powerball 02,09,30,38,47,02
2024-08-30 powerball 08,27,33,43,48,14
2024-08-27 powerball 13,35,39,42,49,02
2024-08-23 powerball 20,22,37,39,40,07
2024-08-20 powerball 05,07,13,23,40,07
2024-08-16 powerball 09,14,15,22,36,01
2024-08-13 powerball 06,34,35,42,46,11
2024-08-09 powerball 07,13,28,37,44,06
2024-08-06 powerball 05,31,34,40,46,10
2024-08-02 powerball 02,05,10,31,32,11
2024-07-30 powerball 07,15,20,32,46,04
2024-07-26 powerball 06,09,12,38,39,17
2024-07-23 powerball 03,11,16,26,48,07
2024-07-19 powerball 02,06,09,31,37,06
2024-07-16 powerball 02,10,22,48,49,07
2024-07-12 powerball 05,10,26,37,44,15
2024-07-09 powerball 02,07,19,31,45,04
2024-07-05 powerball 18,19,22,38,49,15
2024-07-02 powerball 06,15,20,32,42,05
2025-07-04 powerball-plus 09,14,28,39,49,10
2025-07-01 powerball-plus 02,03,05,20,41,09
2025-06-27 powerball-plus 10,11,16,32,40,01
2025-06-24 powerball-plus 01,07,14,18,20,18
2025-06-20 powerball-plus 03,32,37,42,50,03
2025-06-17 powerball-plus 11,18,26,29,38,16
2025-06-13 powerball-plus 13,15,16,27,43,18
2025-06-10 powerball-plus 11,20,21,37,50,08
2025-06-06 powerball-plus 27,29,30,43,46,20
2025-06-03 powerball-plus 16,30,37,38,39,04
2025-05-30 powerball-plus 06,14,19,31,49,07
2025-05-27 powerball-plus 06,14,19,28,41,03
2025-05-23 powerball-plus 14,17,33,43,46,02
2025-05-20 powerball-plus 01,17,23,32,48,16
2025-05-16 powerball-plus 04,10,30,48,49,08
2025-05-13 powerball-plus 01,05,26,28,43,11
2025-05-09 powerball-plus 07,27,34,44,47,04
2025-05-06 powerball-plus 04,06,27,30,44,09
2025-05-02 powerball-plus 21,22,26,38,43,12
2025-04-29 powerball-plus 11,14,18,36,43,14
2025-04-25 powerball-plus 03,04,35,37,38,10
2025-04-22 powerball-plus 06,25,41,42,46,18
2025-04-18 powerball-plus 04,10,15,29,43,16
2025-04-15 powerball-plus 05,13,31,42,46,06
2025-04-11 powerball-plus 09,14,25,28,36,10
2025-04-08 powerball-plus 29,31,41,46,47,13
2025-04-04 powerball-plus 02,03,10,14,33,18
2025-04-01 powerball-plus 13,17,27,37,50,12
2025-03-28 powerball-plus 13,14,29,48,49,18
2025-03-25 powerball-plus 02,05,32,40,45,09
2025-03-21 powerball-plus 14,23,31,33,38,07
2025-03-18 powerball-plus 02,26,30,42,47,03
2025-03-14 powerball-plus 04,07,11,24,39,03
2025-03-11 powerball-plus 02,09,19,22,24,19
2025-03-07 powerball-plus 15,16,37,43,44,11
2025-03-04 powerball-plus 02,04,05,19,31,15
2025-02-28 powerball-plus 04,06,15,20,50,03
2025-02-25 powerball-plus 02,20,28,34,45,03
2025-02-21 powerball-plus 16,21,30,34,47,18
2025-02-18 powerball-plus 04,12,24,40,49,04
2025-02-14 powerball-plus 07,20,21,35,45,10
2025-02-11 powerball-plus 03,08,19,29,46,19
2025-02-07 powerball-plus 02,11,14,22,41,09
2025-02-04 powerball-plus 07,19,22,42,47,04
2025-01-31 powerball-plus 14,26,36,42,49,16
2025-01-28 powerball-plus 06,08,13,37,45,07
2025-01-24 powerball-plus 10,16,20,41,49,07
2025-01-21 powerball-plus 17,38,45,46,50,16
2025-01-17 powerball-plus 02,16,19,27,42,17
2025-01-14 powerball-plus 01,14,17,31,49,02
2025-01-10 powerball-plus 01,11,18,23,37,03
2025-01-07 powerball-plus 19,31,37,42,43,06
2025-01-03 powerball-plus 01,10,12,34,37,17
2024-12-31 powerball-plus 01,06,20,27,46,13
2024-12-27 powerball-plus 01,06,16,37,45,06
2024-12-24 powerball-plus 06,15,34,35,45,17
2024-12-20 powerball-plus 08,10,14,41,50,09
2024-12-17 powerball-plus 05,07,22,25,50,03
2024-12-13 powerball-plus 07,22,26,36,44,12
2024-12-10 powerball-plus 10,13,17,18,20,17
2024-12-06 powerball-plus 18,25,32,33,47,16
2024-12-03 powerball-plus 06,23,27,29,45,16
2024-11-29 powerball-plus 06,25,33,36,38,17
2024-11-26 powerball-plus 02,22,23,46,49,19
2024-11-22 powerball-plus 06,20,38,44,46,08
2024-11-19 powerball-plus 14,26,32,38,40,13
2024-11-15 powerball-plus 02,03,06,11,44,12
2024-11-12 powerball-plus 05,18,19,36,49,19
2024-11-08 powerball-plus 14,16,22,34,46,11
2024-11-05 powerball-plus 03,07,15,18,38,01
2024-11-01 powerball-plus 12,24,40,42,49,14
2024-10-29 powerball-plus 04,08,11,49,50,14
2024-10-25 powerball-plus 09,14,28,37,43,20
2024-10-22 powerball-plus 02,17,20,31,33,11
2024-10-18 powerball-plus 16,22,24,31,46,08
2024-10-15 powerball-plus 06,20,37,44,48,20
2024-10-11 powerball-plus 26,29,32,41,50,20
2024-10-08 powerball-plus 09,15,25,43,47,08
2024-10-04 powerball-plus 02,10,15,26,29,01
2024-10-01 powerball-plus 16,21,22,29,38,19
2024-09-27 powerball-plus 02,17,29,30,36,02
2024-09-24 powerball-plus 09,14,18,28,30,18
2024-09-20 powerball-plus 08,10,19,28,32,15
2024-09-17 powerball-plus 19,29,31,34,45,17
2024-09-13 powerball-plus 07,18,21,31,47,05
2024-09-10 powerball-plus 01,04,33,36,41,05
2024-09-06 powerball-plus 01,04,14,15,33,15
2024-09-03 powerball-plus 08,12,14,18,50,20
2024-08-30 powerball-plus 06,13,31,33,46,04
2024-08-27 powerball-plus 09,17,32,34,37,12
2024-08-23 powerball-plus 19,28,35,36,44,12
2024-08-20 powerball-plus 01,04,22,42,45,11
2024-08-16 powerball-plus 04,29,33,34,38,13
2024-08-13 powerball-plus 09,20,25,45,46,09
2024-08-09 powerball-plus 08,11,23,30,45,19
2024-08-06 powerball-plus 01,02,11,16,50,18
2024-08-02 powerball-plus 11,12,32,34,46,08
2024-07-30 powerball-plus 07,34,37,43,46,12
2024-07-26 powerball-plus 02,17,24,31,47,11
2024-07-23 powerball-plus 07,19,24,30,40,12
2024-07-19 powerball-plus 13,15,29,39,41,17
2024-07-16 powerball-plus 14,29,38,43,44,09
2024-07-12 powerball-plus 05,14,21,34,36,05
2024-07-09 powerball-plus 11,15,18,26,39,16
2024-07-05 powerball-plus 01,15,21,30,47,04
2024-07-02 powerball-plus 03,20,22,23,38,17
